{
  "advancedEditorSelectedIdentifier" : "ShaderGraphEditorPluginID",
  "openSceneRelativePaths" : [
    "Immersive.usda",
    "Cube.usda"
  ],
  "recentIdentifiers" : {
    "D66134B1-3681-4A8E-AFE5-29F257229F3B" : [

    ]
  },
  "sceneCameraHistory" : {
    "1D572CEB-057A-41C3-B575-04C37501A3C0" : [
      {
        "date" : 732893134.260865,
        "title" : "Untitled",
        "transform" : [
          0.99999994,
          0,
          -0,
          0,
          -0,
          0.87153053,
          -0.4903411,
          0,
          0,
          0.4903411,
          0.87153053,
          0,
          0,
          4.06263,
          4.928027,
          1
        ]
      },
      {
        "date" : 732892986.025731,
        "title" : "Untitled",
        "transform" : [
          0.99999994,
          0,
          -0,
          0,
          -0,
          0.87153053,
          -0.4903411,
          0,
          0,
          0.4903411,
          0.87153053,
          0,
          0,
          4.0664124,
          4.9258995,
          1
        ]
      }
    ],
    "24CBB05D-8894-4412-A03F-E449E1C0BBF9" : [
      {
        "date" : 732895743.314697,
        "title" : "Untitled",
        "transform" : [
          -0.9490504,
          0.00096243917,
          -0.31512278,
          0,
          -0.06445729,
          0.97825956,
          0.1971128,
          0,
          0.3084616,
          0.20738195,
          -0.92835563,
          0,
          0.030408079,
          0.024982652,
          -0.031506166,
          1
        ]
      },
      {
        "date" : 732894474.478219,
        "title" : "Untitled",
        "transform" : [
          -0.9490504,
          0.00096243917,
          -0.31512278,
          0,
          -0.06445729,
          0.97825956,
          0.1971128,
          0,
          0.3084616,
          0.20738195,
          -0.92835563,
          0,
          0.030995823,
          0.02546553,
          -0.03211513,
          1
        ]
      },
      {
        "date" : 732893130.719808,
        "title" : "Untitled",
        "transform" : [
          -0.9490503,
          0.000962441,
          -0.31512278,
          0,
          -0.064457275,
          0.9782596,
          0.19711281,
          0,
          0.3084616,
          0.20738193,
          -0.9283555,
          0,
          0.104617484,
          0.07285316,
          -0.35534933,
          1
        ]
      },
      {
        "date" : 732893121.41135,
        "title" : "Untitled",
        "transform" : [
          0.8792217,
          0.0009624315,
          0.47641176,
          0,
          0.3610465,
          0.6510885,
          -0.6676295,
          0,
          -0.31082878,
          0.7590012,
          0.5721037,
          0,
          -0.015064735,
          0.7472801,
          0.029073607,
          1
        ]
      },
      {
        "date" : 732893110.405506,
        "title" : "Untitled",
        "transform" : [
          0.879614,
          0.001670638,
          0.47568533,
          0,
          0.36008993,
          0.65108705,
          -0.6681473,
          0,
          -0.31082878,
          0.7590012,
          0.5721037,
          0,
          -0.015064735,
          0.7472801,
          0.029073607,
          1
        ]
      },
      {
        "date" : 732893099.353345,
        "title" : "Untitled",
        "transform" : [
          0.8891077,
          1.3046559e-08,
          -0.45769772,
          0,
          -0.45741895,
          0.03489957,
          -0.88856614,
          0,
          0.015973438,
          0.9993907,
          0.031029502,
          0,
          0.04420269,
          0.59473926,
          -0.081885405,
          1
        ]
      },
      {
        "date" : 732893014.136393,
        "title" : "Untitled",
        "transform" : [
          0.99999994,
          0,
          -0,
          0,
          -0,
          0.8660254,
          -0.49999994,
          0,
          0,
          0.49999994,
          0.8660254,
          0,
          0,
          0.22867288,
          0.39607307,
          1
        ]
      }
    ],
    "D66134B1-3681-4A8E-AFE5-29F257229F3B" : [
      {
        "date" : 732892986.042065,
        "title" : "Untitled",
        "transform" : [
          1,
          0,
          -0,
          0,
          -0,
          0.8660253,
          -0.5000002,
          0,
          0,
          0.5000002,
          0.8660253,
          0,
          0,
          0.4573448,
          0.7921445,
          1
        ]
      }
    ]
  },
  "selectedSceneRelativePath" : "Cube.usda"
}